4.088938456315260872e-01
5.491137477067800088e-01
6.614482890336941256e-01
6.840026598710280403e-01
7.539565589183416794e-01
7.525817975019797323e-01
7.832076787948608620e-01
8.190702609526805400e-01
7.208031104161189973e-01
8.216479023297628137e-01
7.987849385310441530e-01
8.220450199567355121e-01
8.321283233471405971e-01
8.354013925943619689e-01
8.370044109148857547e-01
8.209518903341048723e-01
8.161882476928906671e-01
8.368968022175324872e-01
8.356331718273651843e-01
8.392068511400467834e-01
