5.548761489511537803e-01
8.528920857846236103e-01
9.131560931686593108e-01
9.088532443807906258e-01
9.205365331233048565e-01
9.325373318015026669e-01
9.185178234797566343e-01
9.339753199024360963e-01
9.415177076804537304e-01
9.477499222555080260e-01
9.491077250793200637e-01
9.500903161633915683e-01
9.532704032769724334e-01
9.507738872736442026e-01
9.528820376624079769e-01
9.550940551865501060e-01
9.575565382212150034e-01
9.490015196199176328e-01
9.531725236535573131e-01
9.554063582620700990e-01
