3.164209796061467905e-03
4.746816272801024361e-02
6.065123582172557981e-01
6.318372824384254072e-01
6.678529467631777461e-01
6.957278471459246161e-01
6.691752399220474157e-01
7.138824739955097476e-01
7.014638392021479429e-01
6.914088162713353247e-01
7.249843219541154404e-01
7.363310692445287353e-01
7.187778326086891045e-01
7.389708154197418555e-01
6.988965436483942639e-01
6.982074661074944011e-01
7.434032812944612045e-01
7.150611422483139634e-01
7.038713160959770843e-01
7.156631076519934798e-01
