2.411228369383231485e-01
5.703125155343550245e-01
6.359943414882627266e-01
6.501637307172456470e-01
6.829601416506780875e-01
6.828347020716571958e-01
6.856687374560759274e-01
6.840866118585083866e-01
6.931443991134254023e-01
6.848965491519095616e-01
6.972451443037297469e-01
6.976124998868018512e-01
7.009479832379068576e-01
6.963466242082396729e-01
7.003052393370241546e-01
7.000689786824558780e-01
7.009146557988931159e-01
7.027324091949138651e-01
7.014751351588845996e-01
6.979993819852725601e-01
