5.943043667459326773e-01
3.918298569191184244e-01
2.792988437594789985e-01
3.158097343412713531e-01
6.522933664145292854e-01
6.500511265764332691e-01
6.621724367141723633e-01
6.627869337094753899e-01
6.674623102050036838e-01
6.828083747163766759e-01
6.885548246027243247e-01
6.907482669008300213e-01
6.947404543558757251e-01
6.950050124817023223e-01
6.917756007175253075e-01
6.950101579479898151e-01
6.870666832634897414e-01
6.979775976653050940e-01
6.950244835330179338e-01
6.984273739134021497e-01
