2.573155234841739691e-02
3.443908081335179672e-01
4.029092907905578169e-01
5.857200391152326269e-01
6.041444645208471353e-01
6.575078985270331744e-01
6.586375110289629520e-01
7.003243278054629428e-01
5.096779816290911702e-01
7.699310527128331305e-01
7.746222839635961144e-01
7.222494328723234602e-01
7.717730227638692764e-01
7.835844418581794368e-01
7.758764259955461817e-01
7.850823556675630144e-01
7.905524667571572905e-01
8.038268699365503922e-01
7.595932546783896733e-01
8.104558790431303228e-01
