3.190404331037240970e-01
3.653901093689970736e-01
6.056716133457745732e-01
6.125280645466590901e-01
6.155006216477978409e-01
6.177300998406816124e-01
6.194516272507897270e-01
6.199794756349666924e-01
6.247428659320801714e-01
6.321236261101655929e-01
6.285091348396715238e-01
6.277183810869852998e-01
6.376094106555909580e-01
6.343506170797716948e-01
6.351163968559383477e-01
6.385522879371348104e-01
6.352731380351754886e-01
6.378580548042473986e-01
6.408401252687438987e-01
6.434112127899199729e-01
