8.396963179111480713e-01
9.138384014368057251e-01
9.043592959642410278e-01
9.349876940250396729e-01
9.437630921602249146e-01
9.490291476249694824e-01
9.539722204208374023e-01
9.575812071561813354e-01
9.551162719726562500e-01
9.535481482744216919e-01
9.506820291280746460e-01
9.584016054868698120e-01
9.530113488435745239e-01
9.602487832307815552e-01
9.618614464998245239e-01
9.618828594684600830e-01
9.593494385480880737e-01
9.614814817905426025e-01
9.635970592498779297e-01
9.660650640726089478e-01
