1.262164504631705375e-01
5.332327899725540776e-01
5.809805108153301978e-01
5.788047235944997482e-01
6.433097590570864277e-01
6.783950510232344966e-01
6.899807116259699669e-01
6.894344376481097436e-01
6.950604656468266640e-01
6.967907962591751714e-01
6.880680711373039493e-01
6.937385771585546923e-01
6.941710088564001513e-01
6.959454365398572984e-01
6.927294057348500900e-01
7.085148925366608896e-01
6.946438214053278770e-01
7.051391834798066416e-01
7.140303487363068857e-01
7.197267594544783931e-01
