4.201309037208557084e-01
4.766425585746765226e-01
5.638123941421508967e-01
6.756545186042786089e-01
7.260692954063415749e-01
7.566676688194274858e-01
7.689581632614135298e-01
7.254042625427246094e-01
7.868793320655822487e-01
7.658275842666626421e-01
7.879596328735352095e-01
7.910622620582580256e-01
7.901831960678100675e-01
7.414941668510437456e-01
7.845772099494934260e-01
7.998822379112243697e-01
8.200302577018737660e-01
8.036005330085754794e-01
8.032723259925842463e-01
7.899203014373779030e-01
