7.070091899114709921e-01
8.959250322735036187e-01
8.146235328594236824e-01
9.105708781089492110e-01
9.439195731213985141e-01
9.471547125860024785e-01
9.506402006586089914e-01
9.570426513220517961e-01
9.596672613202160695e-01
9.595418258477713680e-01
9.614188220664745543e-01
9.649956280948551735e-01
9.658179997487832402e-01
9.652418448724819910e-01
9.631503010524138375e-01
9.655938080248941402e-01
9.642842844242358602e-01
9.648360701007697715e-01
9.671021263107998367e-01
9.629289703514739562e-01
