5.430536061658988167e-01
6.318254414695261278e-01
6.315644484998934605e-01
6.691246118246172436e-01
6.723032371880227620e-01
6.670789740010761859e-01
6.866320924574484952e-01
6.509567493815058281e-01
6.471817485086052146e-01
6.665266987454196990e-01
6.825562464282117769e-01
6.892999865014457495e-01
7.066257539885996142e-01
7.131850008472733204e-01
6.843967830987789380e-01
6.909338489442128362e-01
7.160646554266389963e-01
7.146606284941259268e-01
6.778657206505402932e-01
7.130097877818907248e-01
