6.111554783933302870e-01
8.806639524067149116e-01
9.115998429410597792e-01
9.223459818783927844e-01
9.370826026972602918e-01
9.468374182196224176e-01
9.624393301851609239e-01
9.607780049828922309e-01
9.603984846788293783e-01
9.644134219954995091e-01
9.630396225873161242e-01
9.669852291836458225e-01
9.675712515326106988e-01
9.671023978906518881e-01
9.683670086019179335e-01
9.673397015122806586e-01
9.699243272052091580e-01
9.678437113761901855e-01
9.672835960107690756e-01
9.670575226054471951e-01
