5.741789610931157251e-01
6.224029336809577817e-01
6.304978164322172507e-01
6.244367016270555570e-01
6.265284905519186154e-01
6.300043616059649576e-01
6.299619086654730804e-01
6.331204007559292357e-01
6.326119137986359053e-01
6.331161624113006425e-01
6.370534052228713495e-01
6.419255877824108225e-01
6.449537122196146166e-01
6.397414822214921859e-01
6.531920473137243777e-01
6.413288653698736574e-01
6.498096652095093351e-01
6.436320420337899861e-01
6.471641411161208612e-01
6.595571033088616364e-01
