5.028975916723918971e-01
8.932704981575664283e-01
8.851336969269646415e-01
9.336211574383270762e-01
9.414659860806587899e-01
9.517347405099461088e-01
9.493758963723467614e-01
9.523883528179593050e-01
9.505603313446044922e-01
9.571338565940530341e-01
9.580989143787286277e-01
9.627637944669804604e-01
9.581777998524853013e-01
9.594540280154627565e-01
9.640563211889348061e-01
9.587526820663713201e-01
9.627425217220926257e-01
9.581431155530815147e-01
9.542514936536805603e-01
9.540439237896193303e-01
