8.832678083163588711e-01
8.835181576102527634e-01
9.191201960862572795e-01
9.472603041734268814e-01
9.508255017337514658e-01
9.594147285418723747e-01
9.599879215012735445e-01
9.657905226323142411e-01
9.685102790149290319e-01
9.674524611501551519e-01
9.685269496334132366e-01
9.659356350329384444e-01
9.671163514478883227e-01
9.675798122562578873e-01
9.679865623587993184e-01
9.691861716668996873e-01
9.704160307770344218e-01
9.694091108307909543e-01
9.671447108040994722e-01
9.686415622483438570e-01
