2.942602410275712010e-01
8.125036287511515631e-01
8.954947860831887763e-01
9.315004501587305086e-01
9.312312156280391218e-01
9.396198692484798443e-01
9.348665638866587857e-01
9.353195398281781703e-01
9.401065569657546250e-01
9.459885224763654454e-01
9.496611346546400823e-01
9.590078322296469171e-01
9.600948237965249987e-01
9.558161838441832092e-01
9.552288126741719232e-01
9.601540224164979431e-01
9.535918745220216541e-01
9.614477402124649297e-01
9.589613981736011539e-01
9.564515061867542300e-01
