7.748188117765031357e-01
7.585779484712852350e-01
6.950096949091497667e-01
8.621104134703582167e-01
9.098563171782583225e-01
9.398685255140628581e-01
9.588598653955279216e-01
9.572554478105509412e-01
9.525539638861170166e-01
9.653555424708240018e-01
9.658966739222688558e-01
9.681142849742241374e-01
9.686802828086996664e-01
9.668187622754078614e-01
9.713945062655322538e-01
9.668993083935863986e-01
9.711830391074126601e-01
9.715249583406267986e-01
9.711143273227619277e-01
9.727874409477665907e-01
