8.302913327847630809e-01
8.883822963626917257e-01
9.334008053314587494e-01
9.294745333739056203e-01
9.422550625052333872e-01
9.395133368055189615e-01
9.445434370316749817e-01
9.513376153205052033e-01
9.564320622396863536e-01
9.596178723760873108e-01
9.603114561601118204e-01
9.606385767952470012e-01
9.571547724983908711e-01
9.599004550413652304e-01
9.603870417460922404e-01
9.576895384749105622e-01
9.608584336998049480e-01
9.609217451623648376e-01
9.601452759474762289e-01
9.621573460003560729e-01
