5.470579556659259657e-01
7.258882707199163509e-01
9.110690524092818210e-01
9.147585345580514504e-01
9.292754478159204190e-01
9.261273414687772876e-01
9.280355868086350712e-01
9.268013460446248297e-01
9.422120256761533641e-01
9.404444135395826354e-01
9.399802911598070798e-01
9.452721249740735354e-01
9.453181561115568954e-01
9.505202622540229740e-01
9.498008832467340623e-01
9.509645869246626804e-01
9.507592120001800984e-01
9.437220428897216129e-01
9.495969905262500177e-01
9.499231234060979689e-01
