6.756100380315189780e-01
7.883237009554837638e-01
8.031614797305216547e-01
8.911634778554460290e-01
9.100918453351586335e-01
9.197529907775136016e-01
9.270573886094894966e-01
9.476620459978559730e-01
9.499724407111649338e-01
9.484399994917676047e-01
9.426722463253325301e-01
9.519526135604993167e-01
9.530421643130546627e-01
9.425730088115793492e-01
9.527606267844681565e-01
9.509490206178310423e-01
9.528475588401862373e-01
9.540491963909790707e-01
9.511210364578044363e-01
9.541406009049542281e-01
