3.699872423205855521e-01
6.389293279168168915e-01
6.828977546748324912e-01
7.058699162754080714e-01
7.010521543096508434e-01
7.199290966141154158e-01
7.190517493959009965e-01
7.145478178763531307e-01
7.183012228745679906e-01
7.114736303775268667e-01
7.260907165397554319e-01
6.987862911450086756e-01
7.082662645881698804e-01
7.263322655971233832e-01
7.011714655266710894e-01
7.444826174064500535e-01
7.570429193903003284e-01
7.392076402020877346e-01
7.420651489460962091e-01
7.538350954563659556e-01
