8.017468055089315149e-01
7.745374957720438935e-01
8.722686568895975379e-01
8.804831941922506289e-01
9.323111176490783691e-01
9.459266662597656250e-01
9.440679629643757842e-01
9.476113875706990708e-01
9.487761020660400169e-01
9.453554987907409890e-01
9.523511370023091116e-01
9.495065609614053992e-01
9.574529647827147993e-01
9.574316064516703584e-01
9.571064352989196999e-01
9.574123462041218557e-01
9.565194129943848100e-01
9.592543204625447739e-01
9.599078456560771189e-01
9.582660118738810517e-01
