5.696970522403717041e-01
8.739113667431999133e-01
8.948066865696626682e-01
9.188590376984839825e-01
9.039583112679275834e-01
9.093462824821472168e-01
9.307464665057612052e-01
9.594008910889718633e-01
9.663925486452439317e-01
9.437682324764775643e-01
9.648081227844836905e-01
9.514470310772166206e-01
9.677789947565864637e-01
9.422629417157640797e-01
9.673521740763795229e-01
9.672466142504823061e-01
9.713534619293960892e-01
9.677352087170469908e-01
9.684702882579728778e-01
9.655835979125079183e-01
