7.939637314288987557e-01
8.781216543748837644e-01
9.063193240296949504e-01
9.059171848204157218e-01
9.271420863790249545e-01
9.480741570848937316e-01
9.549318120020244827e-01
9.605717615250053409e-01
9.625986644981103790e-01
9.632130456626961656e-01
9.643303669920755272e-01
9.611772944074158387e-01
9.646776154500629197e-01
9.671157839101388598e-01
9.657965564946515702e-01
9.635385028812863961e-01
9.658228208165650086e-01
9.664070753876222719e-01
9.652016808133606629e-01
9.647201879308857642e-01
