3.242644396695193443e-03
4.350678335536609653e-01
5.593229835683648510e-01
5.880205598744479012e-01
6.640723217617381380e-01
6.783268050713973096e-01
5.620895559137517594e-01
6.355782942338423780e-01
6.217267632484435591e-01
8.119089787656610380e-01
7.579552390358664793e-01
8.204497337341308816e-01
8.230100631713866965e-01
8.143311966549267034e-01
8.412957343188198767e-01
8.266374111175537331e-01
8.137387058951637275e-01
8.368188565427606695e-01
8.418232495134526649e-01
8.332204049283807867e-01
