7.222416043545292208e-01
8.863870997344498459e-01
9.058231009846240411e-01
9.342380414296568292e-01
9.445660599235412569e-01
9.602842410053826772e-01
9.600061885023538633e-01
9.595363488239524452e-01
9.588078692951033100e-01
9.581878987033810580e-01
9.593123076236353963e-01
9.621199654266897605e-01
9.612895767245672740e-01
9.625750553291455569e-01
9.614664637936954916e-01
9.641744288723025358e-01
9.639679821191635689e-01
9.672931791406816915e-01
9.647975964883787059e-01
9.653702694757849700e-01
