5.469626834837056917e-01
6.388115468671766717e-01
8.505325155743097554e-01
9.131713822736577946e-01
9.180550979355633912e-01
9.157017065306841674e-01
9.301070823507794350e-01
9.424055006544468371e-01
9.513544500884363320e-01
9.566865250215692562e-01
9.522133722143658607e-01
9.623926191006676456e-01
9.528873027381250527e-01
9.462088679863234209e-01
9.504223627559209575e-01
9.452310345940670988e-01
9.492199491646330367e-01
9.500965617470822355e-01
9.547639630608639738e-01
9.521720308368488705e-01
