7.983863578468072264e-01
8.107980118423211424e-01
8.803660879369641368e-01
9.270391161324548213e-01
9.137064941593857625e-01
9.213029888809703971e-01
9.298056197948143531e-01
9.303991911841220652e-01
9.298446862424005754e-01
9.356873191770960219e-01
9.423954213251832801e-01
9.427995154115019760e-01
9.457453342734790658e-01
9.450979183931820238e-01
9.475336524306751107e-01
9.485989994690066096e-01
9.482429301152464074e-01
9.479065830590295283e-01
9.518011720454107039e-01
9.498206494284457957e-01
