2.720014221632658380e-01
8.911749702780994431e-01
8.898970039922800002e-01
9.268017606948738552e-01
9.299501047205569471e-01
9.326943070141237024e-01
9.429785324566399840e-01
9.502113950786306162e-01
9.552521732316088254e-01
9.535500327152992561e-01
9.557252001406542075e-01
9.565103774640097978e-01
9.593669816629210034e-01
9.596167429169611962e-01
9.568272909121726677e-01
9.656653786773112813e-01
9.611031101710760804e-01
9.592801341369970869e-01
9.616528589334061294e-01
9.612828128373445136e-01
