3.205120803704902821e-01
8.471958957501312115e-01
8.820866871235975015e-01
8.833591697820977195e-01
9.106506580737099288e-01
9.239788171070725253e-01
9.269371957921269667e-01
9.380173193874643545e-01
9.378118586184374106e-01
9.368221653041555186e-01
9.366443904478158888e-01
9.431097694297334577e-01
9.415938035765690772e-01
9.377889481943044725e-01
9.395298335089612429e-01
9.402222366475346815e-01
9.419963448794920202e-01
9.459756986418766944e-01
9.379274106737393035e-01
9.414928893544780575e-01
