3.779209852218623489e-02
3.697026296898170417e-01
5.670460837858695147e-01
5.912149592682167665e-01
7.921472227131878263e-01
7.453887802583200051e-01
7.725979765256245635e-01
8.002957635455660856e-01
8.227591360056841774e-01
7.799183249473571333e-01
8.023402554017525778e-01
7.928920984268188477e-01
8.127994197386282371e-01
8.153399330598336547e-01
8.372399180023758491e-01
8.008222862526221952e-01
7.944149741420039046e-01
7.942050752816376402e-01
6.926466182426169738e-01
8.258053779602050337e-01
