4.365009134465998031e-01
8.575029134750365989e-01
9.101911848241632796e-01
9.193877558816563322e-01
9.260682864622635790e-01
9.453252055428245093e-01
9.509211659431457964e-01
9.550511165098710675e-01
9.578058947216381291e-01
9.615220427513122559e-01
9.621415625918995351e-01
9.594024148854342071e-01
9.611428607593883733e-01
9.626380660317160887e-01
9.625102422454140383e-01
9.619943304495377490e-01
9.616356383670460195e-01
9.583784060044722164e-01
9.601441069082780055e-01
9.604847355322404523e-01
