5.665000112433182800e-01
8.193535051847758988e-01
8.673390997083563203e-01
9.053032774674265593e-01
9.222669319102638763e-01
9.337599810801053835e-01
9.232273540998759964e-01
9.367383498894541471e-01
9.361580045599686706e-01
9.395925716349953216e-01
9.476366984216790801e-01
9.390689009114315811e-01
9.430060198432520524e-01
9.407990167015477523e-01
9.462369052987349427e-01
9.423982218692177337e-01
9.461758324974461898e-01
9.484552835163316820e-01
9.469617479725888076e-01
9.491777294560482803e-01
