6.080835990111033151e-01
9.158514216542243958e-01
9.307999412218729285e-01
9.565435838699340998e-01
9.526971713701883893e-01
9.633106501897176210e-01
9.658430083592732807e-01
9.686911797523498624e-01
9.687778592109680398e-01
9.684788306554158455e-01
9.731578723589578983e-01
9.727921414375305664e-01
9.713202889760335079e-01
9.720336039861042776e-01
9.740067998568217034e-01
9.743644698460897091e-01
9.726091909408569602e-01
9.709380690256754765e-01
9.729492902755737527e-01
9.711625464757283055e-01
