4.281065239652481758e-01
3.615461678559336312e-01
5.312730314160480916e-01
8.117077164776878018e-01
8.236034299484223942e-01
8.336364130556810359e-01
8.239059124156096203e-01
8.542522239594405598e-01
8.305414874290785177e-01
8.324795872992889478e-01
8.342319482179648693e-01
8.279994408893948110e-01
8.427386705413064671e-01
8.302658343043164413e-01
8.301051383689329599e-01
8.392238231666188097e-01
8.581542245788719159e-01
8.420588290283435029e-01
8.403018153212369334e-01
8.498153525613559856e-01
