3.416024826668404568e-01
5.132828889666376515e-01
3.724587237512743121e-01
7.384531030783781924e-01
7.289343369973673159e-01
7.679452116424972941e-01
7.814550171027312420e-01
7.894976941314904018e-01
7.334332056947656664e-01
8.018063976957992001e-01
7.834366076701395620e-01
7.854515111124193982e-01
7.737861530200855764e-01
7.690502231185500914e-01
8.153144610894692557e-01
8.214094935236750938e-01
7.789168596267700417e-01
8.344890791016655873e-01
7.814996835347768345e-01
7.968169885712701461e-01
