7.976397661683715112e-01
8.474342839740147681e-01
8.900448182058111612e-01
8.910537503450830510e-01
8.893042121117360477e-01
9.019164938793003961e-01
9.093262319252869430e-01
9.135377791440375539e-01
9.151918693123577420e-01
9.090222220554530219e-01
9.151421841059890205e-01
9.160411875938700987e-01
9.144971599088651537e-01
9.193656884621237424e-01
9.255012218083176201e-01
9.241652973344393063e-01
9.262296161918996962e-01
9.204751877027137485e-01
9.211576870668714001e-01
9.222105412839729510e-01
