6.198784936042058824e-01
8.867222203148735771e-01
9.233431153827242888e-01
9.235820505354139787e-01
9.403260785435872959e-01
9.478739698727925989e-01
9.559738191347273428e-01
9.612133682720245265e-01
9.585932199917142071e-01
9.605680391902015058e-01
9.628526388652740575e-01
9.633145124193221998e-01
9.601504774320692714e-01
9.646495864504859297e-01
9.590597900133284170e-01
9.592682548931666942e-01
9.640576394777449210e-01
9.652141739451696179e-01
9.594659493083045332e-01
9.663413195382981602e-01
