2.227058382034301509e-01
2.435699911117553684e-01
2.453857183456420454e-01
2.469642138481140670e-01
2.501778988838195827e-01
2.549513392448424787e-01
6.443342061042784952e-01
6.513597226142883168e-01
6.502973284721373926e-01
6.570569562911987571e-01
6.603311381340026820e-01
6.603816289901733860e-01
6.673406071662902894e-01
6.617439584732055513e-01
6.682169232368468936e-01
6.817933812141419025e-01
6.863645520210266415e-01
6.893824357986449991e-01
6.837899475097656277e-01
7.070857734680175977e-01
