8.948634076962428407e-01
9.191339511786942307e-01
9.301282710733667081e-01
9.337607796213268641e-01
9.405364436385905691e-01
9.467176531268431949e-01
9.499055706294237122e-01
9.492318266260940662e-01
9.539256211930671192e-01
9.549985211507409089e-01
9.519286888890561293e-01
9.544715707280994055e-01
9.544710179345797796e-01
9.565562590033607204e-01
9.564197654217745370e-01
9.554692622834601856e-01
9.571494470655390607e-01
9.623259269030748353e-01
9.591125207664692454e-01
9.628843153472494976e-01
