8.262432813644409180e-01
8.481954053596214571e-01
9.334678473295988654e-01
9.551704614250747793e-01
9.534647910683243799e-01
9.499019371138678336e-01
9.612099104457431098e-01
9.592845267719692925e-01
9.627539224094814330e-01
9.646000115959733057e-01
9.620587861096417948e-01
9.607433853326020623e-01
9.683845259525157845e-01
9.677068860442550324e-01
9.638599837267840531e-01
9.609113154587922701e-01
9.640787376297844657e-01
9.560607693813465424e-01
9.540769528459619453e-01
9.632393311571192385e-01
