3.878245344528785665e-01
5.946947492085969955e-01
5.716527737103975770e-01
6.195883053999680090e-01
6.818710730626033056e-01
6.496095969126773895e-01
7.156350044103769736e-01
7.647204059820909006e-01
7.546823785855220068e-01
7.621603883229769449e-01
7.885569141461299392e-01
7.768135923605699045e-01
7.468569031128515778e-01
7.543114267862760514e-01
7.740122464986948225e-01
7.848611886684710992e-01
7.942263869138864729e-01
7.985372873452993847e-01
7.886756044167738677e-01
7.951824188232421431e-01
