3.959111650784810088e-01
3.182407784461974698e-01
4.886113166809081809e-01
5.600539541244506925e-01
4.548925089836121094e-01
5.895614163080851178e-01
7.051911453406016772e-01
6.283703108628591050e-01
7.061084647973379091e-01
7.444619226455688743e-01
6.621286292870839363e-01
7.021697489420573035e-01
7.493564057350159402e-01
7.423372773329417473e-01
7.343068444728850785e-01
7.997003976504007960e-01
7.785422293345133360e-01
7.507688836256662945e-01
7.660594296455383034e-01
7.706913963953654356e-01
