6.677014749415599582e-01
6.329528171650684598e-01
8.512912127223327685e-01
9.049073174922135365e-01
9.272568774049299023e-01
9.443110427173384558e-01
9.377027019096987326e-01
9.437747019050765074e-01
9.457864991939850530e-01
9.487782673244058440e-01
9.451478484773288002e-01
9.462353304354813588e-01
9.445872994234961739e-01
9.502429213837115807e-01
9.498863985394909726e-01
9.518983155815270436e-01
9.456759726044035030e-01
9.568288630812707973e-01
9.510007783444258678e-01
9.556847079826967795e-01
