3.373990441268345242e-01
7.933976020453110678e-01
8.849745966353506077e-01
9.342820880548009521e-01
9.471953106376359566e-01
9.565517789912674207e-01
9.596776388726144802e-01
9.616113507522726644e-01
9.612887602932048692e-01
9.615282911174701796e-01
9.611532418233044162e-01
9.604853672801323405e-01
9.613686957449283366e-01
9.630249457539252766e-01
9.602337164698906413e-01
9.610859121916428549e-01
9.622075490231783990e-01
9.608205793038854248e-01
9.639007347934650527e-01
9.638609492553854574e-01
