2.303396612405776978e-01
2.933104276657104714e-01
3.020620316267013106e-01
5.244596153497695923e-01
7.284328490495681763e-01
5.417972624301909956e-01
8.153008431196212547e-01
6.762611836194991621e-01
7.202460199594498125e-01
6.956898719072341919e-01
8.396087437868118286e-01
6.961028128862380981e-01
8.019754528999328835e-01
8.414170205593108909e-01
8.449417352676391602e-01
8.465685755014419334e-01
8.615773528814315574e-01
8.511275410652160422e-01
8.449329495429992454e-01
8.547700256109237449e-01
