8.929780324300130578e-01
8.312721299746679282e-01
9.367025485114446326e-01
9.425095480585855556e-01
9.487340970644875249e-01
9.512645129173521452e-01
9.569136613891238152e-01
9.581569698121812362e-01
9.612710466460576697e-01
9.633312045581756689e-01
9.615279540183052642e-01
9.625211045855567304e-01
9.625711592416914542e-01
9.603891987649221251e-01
9.613428645663790739e-01
9.613134000036451798e-01
9.628400206565856934e-01
9.628505290500701808e-01
9.662180410491095772e-01
9.638250782376244219e-01
