2.141650225665118201e-01
4.706196089048643172e-01
4.821215188181078304e-01
6.847459718987748412e-01
6.690390686731080283e-01
6.169273250811808662e-01
7.069925379108739083e-01
7.333014004939311103e-01
6.323765277862548606e-01
7.563369531889219122e-01
7.615715748554952036e-01
7.835994308059279767e-01
8.046781903988606821e-01
7.947762933937279062e-01
7.985939531712918926e-01
8.103841098579200874e-01
8.075073561152896762e-01
8.112755823779750353e-01
7.933952012577571988e-01
7.858732719679136780e-01
