7.032844424247741699e-01
8.243482112884521484e-01
8.248447775840759277e-01
8.364517688751220703e-01
8.946339686711629602e-01
9.221880237261453894e-01
9.066660006841024133e-01
9.238164424896240234e-01
9.201569557189941406e-01
9.278040329615274695e-01
9.327113827069600793e-01
9.121266007423400879e-01
9.364570577939351770e-01
9.303341905275980261e-01
9.333365758260091516e-01
9.357367952664693567e-01
9.376524885495504114e-01
9.359588027000427246e-01
9.367426037788391113e-01
9.380889534950256348e-01
