0.100 0.000 0.941
0.100 1.000 0.936
0.200 0.000 0.941
0.200 1.000 0.979
0.300 0.000 0.974
0.300 1.000 0.979
0.400 0.000 0.975
0.400 1.000 0.982
0.500 0.000 0.980
0.500 1.000 0.981
0.600 0.000 0.982
0.600 1.000 0.981
0.700 0.000 0.979
0.700 1.000 0.982
0.800 0.000 0.981
0.800 1.000 0.982
0.900 0.000 0.981
0.900 1.000 0.982
1.000 0.000 0.982
1.000 1.000 0.984
0.100 0.000 0.946
0.100 1.000 0.973
0.200 0.000 0.947
0.200 1.000 0.978
0.300 0.000 0.975
0.300 1.000 0.978
0.400 0.000 0.976
0.400 1.000 0.981
0.500 0.000 0.980
0.500 1.000 0.981
0.600 0.000 0.974
0.600 1.000 0.980
0.700 0.000 0.953
0.700 1.000 0.982
0.800 0.000 0.981
0.800 1.000 0.983
0.900 0.000 0.982
0.900 1.000 0.983
1.000 0.000 0.981
1.000 1.000 0.982
0.100 0.000 0.943
0.100 1.000 0.973
0.200 0.000 0.944
0.200 1.000 0.979
0.300 0.000 0.976
0.300 1.000 0.980
0.400 0.000 0.979
0.400 1.000 0.979
0.500 0.000 0.980
0.500 1.000 0.981
0.600 0.000 0.975
0.600 1.000 0.982
0.700 0.000 0.976
0.700 1.000 0.982
0.800 0.000 0.981
0.800 1.000 0.982
0.900 0.000 0.982
0.900 1.000 0.982
1.000 0.000 0.981
1.000 1.000 0.981
0.100 0.000 0.246
0.100 1.000 0.966
0.200 0.000 0.969
0.200 1.000 0.978
0.300 0.000 0.976
0.300 1.000 0.968
0.400 0.000 0.978
0.400 1.000 0.980
0.500 0.000 0.977
0.500 1.000 0.981
0.600 0.000 0.980
0.600 1.000 0.983
0.700 0.000 0.976
0.700 1.000 0.981
0.000 0.000 0.000
0.000 0.000 0.000
0.000 0.000 0.000
0.000 0.000 0.000
0.000 0.000 0.000
0.000 0.000 0.000
0.000 0.000 0.000
0.000 0.000 0.000
0.000 0.000 0.000
0.000 0.000 0.000
0.000 0.000 0.000
0.000 0.000 0.000
0.000 0.000 0.000
0.000 0.000 0.000
0.000 0.000 0.000
0.000 0.000 0.000
0.000 0.000 0.000
0.000 0.000 0.000
0.000 0.000 0.000
0.000 0.000 0.000
0.000 0.000 0.000
0.000 0.000 0.000
0.000 0.000 0.000
0.000 0.000 0.000
0.000 0.000 0.000
0.000 0.000 0.000
